9780141029542
9780241339725
9780241446096
9780330404235
9780349726700
9780645240139
9780645428230
9780648062974
9780648987437
9780702263033
9780702263323
9780702265662
9780702265853
9780702265983
9780702266126
9780702266386
9780733640865
9780733641923
9780734420251
9780765385253
9780857423498
9780857986177
9781398501973
9781406384765
9781474607254
9781742237404
9781742582955
9781742582962
9781742585116
9781742585123
9781742589657
9781742589664
9781760526931
9781760641436
9781760800321
9781760802295
9781760990701
9781761046162
9781761342080
9781784872779
9781785788499
9781787302693
9781787334076
9781863959810
9781915202123
9781921361586
9781922613912
9781922790378
9781925208511
9781925936391
9781925972818
9781939931467
9781982121525
