9780900424120
9780191306013
9780521612425
9780195285253
9780521714877
9781701792012
9781376691238
9780486443447
9781565632066
9780899425658
9781863711500
9780005997185
9781921472954
9780521670807
9781435125391
9780190276096
9780060786847
9780529064844
9780647511176
9780802834133
9783438051172
9780300186093
9780190461850
9780851119809
9780980593730
9783438054050
9780814637029
9780909827793
9780855741662
9780857463050
9789960792637
9780300098631
9780300222647
9780802823823
9780931464317
9780310093350
9780551017795
9780819229441
9780756005184
9781401227999
9780857680389
9781401230425
9780827603660
9780393292497
9781563891380
9781563892059
9781401225759
9781852868079
9781852866099
9780615314464
9781472269058
9780740748479
9780733334108
9780907606857
9780958578349
9780930289232
9780785142959
9781852864781
9781852864972
9780030131615
9780340129036
9780907547518
9780980450804
9781887990059
9780935696011
9781444004908
9781444004243
9781444004878
9781444004236
9781444004755