9780030120602
9780062509598
9780099529460
9780140268867
9780140275360
9780140420388
9780140441529
9780140443226
9780140445107
9780140446364
9780140449198
9780141012704
9780141192789
9780141392042
9780143134237
9780146001703
9780146001741
9780146001765
9780146001864
9780146001956
9780146001963
9780199535644
9780199535675
9780199538850
9780199599028
9780199683611
9780232522679
9780241303078
9780349006215
9780374526788
9780393356250
9780393938371
9780486433585
9780486456768
9780571136803
9780571230891
9780571347155
9780645247930
9780645633764
9780645920970
9780646888132
9780679433132
9780679723110
9780702263187
9780706421187
9780717126811
9780732299392
9780752221656
9780802134523
9780811217118
9780811225823
9780862881467
9780932112972
9780956688446
9780980526943
9780997063325
9781324001805
9781406360431
9781408890042
9781408891384
9781474221580
9781526652065
9781529078459
9781626864634
9781635863864
9781725273030
9781742589107
9781742589121
9781742589138
9781760801182
9781760802981
9781760991654
9781760992163
9781761068577
9781784743895
9781784744618
9781786277152
9781786893147
9781786898555
9781788542845
9781800171091
9781800171619
9781842930540
9781847772176
9781851245550
9781853260483
9781853264146
9781857152043
9781863710213
9781863950930
9781903385135
9781907598784
9781911187912
9781922613738
9781923099005
9781925713886
9781925735215
9781925768947
9789392494048
9780679724773
9780992339340
9780674296084