9781787704411
9781529426250
9780141045207
9781399711586
9781760899639
9780571372676
9781761151743
9780008544508
9781250819093
9781472296443
9781761152177
9781509842049
9780571334650
9780571365449
9781838954475
9781614506157
9781761150128
9781405954969
9781405954938
9781405954921
9788129113726
9781728265285
9781922790156
9780733634796
9781529431261
9781399618540
9780141349176
9780349437187
9781398508552
9781529405712
9781529405712
9780552778251
9781408897126
9781408897126
9781982170714
9781982191139
9780857527509
9781838957223
9781761342080
9780349013541