
037145005997
9780008433802
9780008528782
9780061562358
9780099283621
9780140366501
9780141042138
9780141354934
9780241608302
9780340769614
9780349117621
9780356511108
9780356511368
9780356521824
9780434021055
9780571366620
9780575073654
9780575076914
9780575079076
9780575094208
9780575097582
9780575120723
9780702265662
9780731810499
9780732265694
9780732281229
9780732282943
9780732911997
9780747263746
9780747525479
9780747545187
9780747591054
9780861546763
9780861546862
9780963270702
9781399606981
9781399607803
9781399701549
9781408883358
9781444791747
9781460761984
9781473232297
9781526639554
9781529043440
9781529074468
9781529390537
9781529920864
9781607012252
9781648411304
9781666771794
9781743058923
9781760802615
9781760993993
9781761470011
9781781086384
9781787334342
9781839644801
9781839647123
9781841492247
9781841493442
9781841493497
9781841495705
9781841497709
9781841499451
9781849352093
9781857233858
9781894063203
9781894063302
9781921361739
9781922101402
9781922101419
9781922790378
9781922806017
9781925849530
9781937007461
9781982187057
9781912917457
9780061975134
9780732265694
9780963270702
9781529920864
9780140366501
